12
737107165 138238716
895029855 829118347
877731309 137943
129577540 15020
3879851632967642997066477 186142673840800049769398
6826558408855795317681463 16529197115873596410851
413520334553845421371296 49135020740713571931
2485051131518365473435750 523168659267024310197
9740953732011264571090128203650791 947843766717637397084837304497637
62219940366834189343034718959652736 63415782292
21529935136031251449403318966831624 16283613240499194557170790487795798
96265206867283215696265189471683216 22826502544
